pve2.3-vm/101:188808:UbuntuLTS:running:0:1716911769:4:0.000739672772073335:25769803776:311812096:34359738368:0:19901915:3376713:247743166:10417152
pve2-storage/nodex/local:1716911769:71243653120:14953816064
pve2-storage/nodex/local-lvm:1716911769:147224264704:60479727940
pve2.3-vm/102:0:win10:stopped:0:1716911769:2:U:8589934592:U:51539607552:0:U:U:U:U
pve2-storage/nodex/hdd500g:1716911769:500103643136:429496729600
pve2-node/nodex:188821::1716911769:0.12:12:0.00189175851291331:8.22503701266656e-05:33505808384:2204442624:8589930496:42729472:71243653120:14953816064:348716466:88695051
